D =[
1.030872e+001;
9.535534e+000;
9.499117e+000;
8.770833e+000;
8.516965e+000;
8.513004e+000;
8.275342e+000;
8.229283e+000;
7.926096e+000;
7.926077e+000;
];
E =[
6.456292e+002 2.829839e+002 1.668352e+001 -4.299015e+000 ;
6.859586e+002 6.227788e+002 8.399568e+000 1.383659e+000 ;
6.762028e+002 4.173819e+002 7.498260e+000 -2.457178e+000 ;
6.835975e+002 4.872675e+002 8.991931e+000 -2.029187e+000 ;
7.112210e+002 2.958787e+002 8.780844e+000 -3.790604e+000 ;
5.803978e+002 4.839533e+002 5.559750e+000 -1.784220e+000 ;
7.695870e+002 5.903395e+002 8.373180e+000 1.093509e+000 ;
5.683295e+002 2.744107e+002 1.426877e+001 -4.345864e+000 ;
6.203687e+002 2.782562e+002 1.071979e+001 -1.644070e+000 ;
6.199720e+002 3.420476e+002 8.463102e+000 -1.998053e+000 ;
];
F=[
0 0 3 70 45 0 0 0 8 31 12 66 117 0 0 0 27 78 117 91 14 1 0 4 1 4 73 125 96 4 0 0 0 0 0 51 56 0 0 0 28 11 2 98 125 0 0 11 125 39 17 23 31 10 3 52 8 4 11 125 125 20 2 5 0 0 0 42 23 0 0 0 10 7 5 125 95 0 0 1 125 47 12 39 13 0 0 9 24 11 37 125 66 10 1 5 0 0 0 23 8 0 0 0 0 1 1 71 46 0 0 0 62 11 5 33 12 0 0 11 30 2 4 25 59 23 3 12 ;
79 0 0 0 0 0 3 34 173 26 4 2 5 7 5 71 23 10 6 15 67 43 7 15 11 0 0 0 24 16 2 16 102 1 0 0 0 0 1 18 173 35 3 5 4 3 2 55 47 18 7 49 83 17 3 12 17 2 0 4 44 15 0 3 115 8 0 0 0 0 0 2 173 40 2 3 4 4 2 33 49 13 3 23 87 31 5 16 5 3 0 3 50 9 0 0 105 24 0 0 0 0 0 0 173 165 14 16 6 0 0 0 20 36 17 81 94 1 0 0 2 5 1 6 26 3 0 0 ;
75 41 4 0 1 31 116 89 4 11 9 9 52 126 123 10 0 3 40 29 62 126 9 0 3 27 33 13 2 16 8 1 10 4 1 0 2 103 126 29 99 41 6 0 0 77 124 19 16 35 76 41 6 15 4 3 2 26 59 54 5 1 0 0 14 43 22 0 0 26 11 1 126 27 5 0 0 0 3 36 45 35 5 2 2 7 11 29 3 101 87 9 3 1 0 0 6 37 15 3 0 0 0 1 43 51 20 2 0 0 0 4 126 77 4 1 0 0 0 7 64 126 52 2 0 0 0 3 ;
37 86 0 0 0 0 0 0 36 116 36 0 0 0 0 2 31 116 40 0 0 0 0 0 35 73 14 7 30 21 0 0 80 79 0 0 0 0 0 7 116 39 4 0 0 0 0 63 116 116 19 2 2 5 7 30 15 54 27 31 116 77 9 5 46 58 0 0 0 0 0 2 110 93 4 1 0 0 0 18 110 27 5 4 12 55 77 80 12 2 0 1 37 116 101 23 28 41 10 1 0 0 0 2 104 57 5 4 9 8 4 24 7 11 5 9 101 106 15 5 17 8 0 0 15 63 21 13 ;
0 0 0 81 50 0 0 0 24 3 2 32 38 0 1 13 72 28 36 34 1 0 0 9 11 117 128 61 7 0 0 0 0 0 11 128 25 0 0 0 41 4 3 128 64 0 0 1 128 61 8 11 2 0 0 8 107 117 21 1 0 0 2 52 0 0 47 110 2 0 0 0 12 3 13 128 59 0 0 0 128 9 5 63 13 0 9 57 35 2 0 0 0 1 49 108 0 0 22 30 1 0 0 0 0 0 5 128 33 0 0 0 8 0 14 128 11 0 10 19 10 0 6 33 1 1 40 60 ;
87 75 0 0 0 0 0 0 45 99 28 7 6 1 0 0 77 127 26 5 3 0 0 0 32 110 96 14 1 0 0 3 127 64 0 0 0 0 2 14 90 37 1 1 12 33 14 15 127 118 0 0 4 5 1 10 82 58 18 7 18 10 2 6 98 15 0 0 0 0 5 53 76 7 0 0 0 12 25 76 127 14 0 0 0 1 23 127 29 3 0 0 16 75 111 85 58 35 1 0 0 0 0 3 45 82 21 0 0 0 0 15 61 35 26 3 0 0 12 44 4 2 2 8 43 55 62 23 ;
6 0 0 0 0 38 152 19 4 6 10 3 9 66 73 19 5 41 20 2 4 6 0 0 4 9 0 0 0 0 0 0 24 0 0 0 1 32 130 71 152 42 21 1 1 5 25 102 65 149 61 1 0 0 0 1 49 58 0 0 0 0 0 1 51 0 0 0 2 5 7 35 152 41 2 0 0 0 0 38 135 52 18 3 0 0 0 5 76 9 1 0 0 0 1 13 75 11 0 0 0 0 2 30 152 152 14 2 0 1 0 5 48 79 52 48 31 15 1 2 35 1 1 5 6 5 1 12 ;
0 0 0 90 93 0 0 0 80 36 12 95 66 0 0 6 125 57 15 47 24 2 0 7 1 3 28 125 125 2 0 0 0 0 0 74 74 0 0 0 46 24 14 123 64 0 0 2 125 32 12 10 1 4 3 33 15 5 24 106 125 81 7 10 0 0 0 49 48 0 0 0 11 7 3 90 76 0 0 0 115 15 3 12 7 2 1 22 18 2 13 114 124 25 2 6 0 0 0 23 29 0 0 0 1 0 1 63 61 0 0 0 66 17 4 18 9 0 0 13 52 19 24 37 7 4 1 5 ;
8 10 27 15 35 39 38 28 1 0 1 2 135 51 2 1 93 4 0 0 26 24 4 10 86 5 0 0 0 0 0 1 47 25 3 1 10 50 28 40 14 0 0 0 112 137 14 10 137 16 0 0 14 41 14 35 95 18 0 0 0 0 0 4 23 20 25 13 75 96 10 25 58 3 0 6 114 137 6 7 137 35 0 0 5 16 4 13 73 18 0 0 0 0 0 6 0 2 11 22 120 87 24 4 66 15 1 39 101 48 2 1 137 44 0 1 3 1 0 2 53 6 0 0 0 0 0 6 ;
77 56 3 0 0 0 0 17 116 63 1 0 0 0 2 113 47 19 10 7 4 14 35 116 0 1 8 14 19 33 13 3 96 116 9 0 0 0 0 4 116 116 19 0 0 0 0 40 36 69 22 6 5 5 18 56 8 10 1 1 15 25 15 5 62 116 116 4 0 0 0 5 116 58 109 18 1 0 2 47 23 14 8 4 8 37 25 30 3 3 0 0 5 106 44 1 92 101 52 8 1 4 6 38 3 11 78 44 37 60 5 3 2 2 5 6 20 108 10 2 5 4 0 0 8 92 14 0 ;
];
