D =[
1.040225e+001;
8.491498e+000;
8.304994e+000;
8.115144e+000;
7.669667e+000;
7.669667e+000;
7.611847e+000;
7.609042e+000;
7.490326e+000;
7.422993e+000;
];
E =[
4.904590e+002 1.174983e+002 4.677041e+000 -1.085767e+000 ;
1.508581e+002 6.363452e+002 1.356714e+001 -1.533299e+000 ;
7.260140e+002 6.249840e+002 2.526015e+001 1.480286e+000 ;
3.366682e+002 1.366087e+002 3.965127e+000 -6.289530e-001 ;
4.902511e+002 1.487848e+002 7.558668e+000 -1.819304e+000 ;
1.444087e+001 5.428862e+002 3.785316e+000 1.057235e+000 ;
6.034789e+002 5.389416e+002 5.487547e+001 1.430802e+000 ;
3.073510e+002 2.055402e+002 5.236298e+000 -2.105828e+000 ;
7.494528e+001 6.329772e+002 5.276887e+000 -1.733900e+000 ;
6.264703e+002 1.467549e+002 2.952755e+001 -1.290334e+000 ;
];
F=[
8 126 73 1 0 0 0 0 0 39 126 84 11 2 0 0 1 7 126 126 4 0 0 0 48 21 55 96 26 2 9 28 40 96 27 3 7 7 25 60 10 10 20 21 66 57 13 7 85 29 57 63 25 9 1 7 6 4 19 126 126 4 10 9 18 0 0 0 0 5 49 126 27 9 5 4 20 27 26 49 126 22 4 9 12 1 0 9 16 0 3 126 105 0 0 2 26 0 4 13 5 0 0 47 46 3 0 0 0 0 0 96 72 8 0 0 0 0 0 46 18 3 7 42 6 0 0 10 ;
12 0 0 0 0 0 0 0 48 0 0 0 7 8 5 19 114 34 4 5 22 6 1 19 9 13 5 12 144 71 0 0 8 0 0 0 0 0 0 0 54 2 0 2 34 10 0 15 144 15 0 1 72 42 2 35 13 2 0 0 144 144 2 3 4 1 0 0 0 0 0 0 50 8 0 11 33 4 0 4 144 20 0 2 132 72 8 27 3 1 0 0 144 136 2 1 1 0 0 0 0 0 0 0 18 0 0 0 33 13 1 9 39 0 0 0 104 96 12 33 0 0 0 0 144 88 1 0 ;
0 0 0 0 0 15 12 1 15 4 0 0 0 5 11 7 4 4 1 2 0 0 0 0 0 0 0 0 0 0 0 0 12 0 1 1 44 193 48 21 193 29 3 1 1 34 46 89 66 30 11 31 3 0 0 1 0 0 0 0 0 0 0 0 43 0 0 0 63 193 37 25 193 22 0 2 3 12 7 64 121 21 1 16 19 0 0 0 0 0 0 0 0 0 0 0 49 0 0 2 8 45 33 19 193 6 0 0 4 2 2 45 109 5 0 2 23 3 0 6 0 0 0 0 0 0 0 0 ;
2 0 0 0 6 50 17 8 17 0 0 0 1 27 55 97 78 11 4 0 0 6 14 124 8 13 13 0 0 12 27 24 0 0 0 14 68 48 5 0 70 3 0 1 18 22 23 40 144 56 17 1 1 7 6 50 23 31 46 10 30 144 9 4 1 2 1 5 47 56 18 0 64 49 17 3 16 6 4 6 144 22 1 0 0 79 99 77 11 1 0 0 10 144 83 11 6 5 14 5 8 11 6 1 20 17 4 0 6 77 26 7 6 2 0 0 4 144 138 19 0 0 0 0 17 131 48 3 ;
14 78 80 7 0 0 0 0 1 18 124 27 0 0 0 0 2 29 124 13 0 0 0 0 1 27 124 40 12 2 0 0 106 49 13 0 0 0 0 17 35 40 77 15 2 1 2 10 109 74 124 11 0 0 2 27 8 13 120 124 59 3 3 6 124 56 2 1 0 3 5 20 58 32 10 25 25 32 16 11 124 48 1 3 3 2 3 26 19 40 11 44 81 15 4 9 43 13 1 0 0 4 34 40 81 12 0 0 1 21 51 30 124 78 1 0 0 0 0 2 21 57 32 35 76 9 0 0 ;
5 3 37 25 6 2 1 2 26 74 127 12 0 0 0 0 37 144 144 4 0 0 0 0 0 87 144 21 3 0 0 0 32 18 0 0 10 12 1 3 144 64 1 0 0 0 0 3 144 103 26 11 17 1 0 19 13 9 31 38 92 19 0 1 16 25 0 0 0 1 0 0 144 33 0 0 0 0 0 7 144 2 0 0 15 18 14 93 13 0 0 0 84 122 15 14 0 0 0 0 0 0 0 0 26 2 0 0 0 0 0 3 53 0 0 0 0 16 39 63 2 1 0 0 4 83 39 8 ;
0 0 0 0 26 66 29 0 1 0 0 0 8 41 15 2 22 1 0 0 0 7 4 8 1 0 0 0 0 0 0 0 0 0 0 0 27 160 160 2 38 0 0 0 6 130 160 30 160 7 0 0 0 25 33 56 11 1 0 0 0 0 0 0 0 0 0 4 44 73 48 1 128 23 0 0 8 14 69 13 160 68 0 0 0 1 5 13 4 0 0 0 0 0 0 0 1 1 7 35 46 5 0 0 160 50 2 2 9 2 0 0 160 72 0 0 0 0 0 1 0 0 0 0 0 0 0 0 ;
108 65 1 0 0 0 0 1 108 97 77 12 0 0 10 13 10 21 110 57 0 0 5 11 24 83 49 8 0 0 0 3 110 64 3 0 0 1 3 19 96 25 9 5 5 33 94 71 110 36 30 9 0 2 39 108 30 50 57 23 1 0 1 3 110 29 2 0 0 0 0 30 91 73 80 12 6 10 9 27 110 100 35 1 0 0 6 39 39 8 3 5 2 8 38 23 82 3 0 0 0 0 1 110 89 11 5 0 0 0 5 110 88 15 3 0 0 1 7 41 13 8 1 2 2 7 22 14 ;
128 44 0 0 55 28 0 0 92 18 0 0 118 59 0 3 76 18 0 0 3 0 0 0 0 0 0 0 9 2 0 0 127 45 0 0 126 69 0 0 128 18 0 0 102 73 0 13 83 15 0 0 7 1 0 1 0 1 0 0 16 5 0 0 87 26 0 0 128 98 0 2 128 21 0 0 74 49 1 29 83 5 0 0 7 6 0 5 9 28 0 0 9 6 0 0 55 18 0 0 128 68 0 0 128 60 0 0 34 11 0 1 41 10 0 0 2 10 2 1 50 92 0 0 1 3 0 0 ;
48 24 0 0 0 0 0 6 144 50 0 0 0 0 0 19 144 36 0 0 0 0 0 33 36 1 0 0 0 1 2 7 37 16 5 0 0 0 0 33 144 55 9 0 0 0 0 84 144 47 1 0 2 3 2 102 29 2 0 0 23 23 6 17 8 144 103 0 0 0 0 2 44 144 109 0 0 0 0 7 105 144 23 1 12 2 0 12 13 11 0 2 140 16 0 2 35 65 26 0 0 0 0 9 60 57 10 0 0 0 0 41 25 20 1 0 4 2 2 32 0 0 0 0 60 6 1 1 ;
];
